5.967789660956834830e-01 8.112571477412991783e+00 1.603143329951618734e-01
9.210493994507518156e-01 3.528150753503582759e+00 5.131704002534166476e-01
1.156183950792957216e+00 4.810233556268031840e+00 4.015300642054636659e-01
1.754517561474925325e+00 8.923816409204827771e-01 3.725340032332324913e-01
1.824917304534999785e+00 3.132951953988580396e+00 2.713819168871541843e-01
2.268514535642030872e+00 3.533380342240384220e+00 2.520603945135920787e-01
2.282632308789556141e+00 1.899339753421144916e+00 3.085111055123508361e-01
2.504553653965067017e+00 2.838963485364003336e+00 4.406503828963983516e-01
2.861393349503794425e+00 8.971392134635449711e-01 5.377284208975874336e-01
2.937140463888293418e+00 9.500021971623304751e-01 3.552111687390056005e-01
3.122612229724652799e+00 1.457000440808925656e+00 4.346568914811361761e-01
3.172854818203209248e+00 1.053185684028050462e+00 3.929682762811064212e-01
3.229589138531782311e+00 1.710116051471074705e+00 4.124517510477999638e-01
3.431780161508694249e+00 6.780647146499434175e-02 4.373445254939124505e-01
3.617886556223140815e+00 4.001911404170190867e-01 5.211712188101286225e-01
3.921175181941505272e+00 1.004445633837528495e+00 1.415974941662193898e-01
3.980442553304314401e+00 -2.239716279290920875e-02 4.818414207216691336e-01
4.148262119536317627e+00 3.571401810779697428e-01 2.218331872684370099e-01
4.231064601244609591e+00 3.663925249802661432e-01 1.971114802893854379e-01
4.258302902958279290e+00 -2.037716612648511894e-01 3.862284787457365143e-01
4.263513069628082519e+00 4.535500987864501399e-01 1.478562583061935609e-01
4.308627633296437942e+00 -5.481938008978830268e-02 5.426634131375698278e-01
4.337011726795282129e+00 1.110832797543006845e-01 4.136244860256343969e-01
4.385722446796243901e+00 5.408497163987539824e-02 4.617081790949774112e-01
4.809319014843609352e+00 -4.312348006897485098e-01 1.080646033475084200e-01
4.830342642627043048e+00 3.066612569634080687e-02 3.972159397225212274e-01
4.936850976503062149e+00 4.872261857495152615e-02 3.783925961971443819e-01
5.018366758843365361e+00 -6.043766524833851239e-01 1.794798220723613780e-01
5.194851192598093803e+00 -9.260557765005696940e-01 1.765352575623865550e-01
5.315513738418383483e+00 -1.439064259192990525e+00 4.477647643854554271e-01
5.318275870968660612e+00 5.799768149762470765e-02 2.593832131909381555e-01
5.513147690828912317e+00 -2.193997693799755844e+00 4.459851477659098062e-01
6.110235106775828484e+00 -2.194772874084773395e+00 3.771916248588860210e-01
6.128945257629676568e+00 -2.075857267679005247e+00 2.944752870615723328e-01
6.239529517921111434e+00 -1.999849624872360954e+00 5.625662448069930210e-01
6.309761238544878026e+00 -1.018575161791835493e+00 5.208349984563581669e-01
6.344009585513211036e+00 -1.403214185183821461e-01 2.786987833415881521e-01
6.848297385848632679e+00 -2.425454938444526309e+00 1.217957318995202820e-01
6.964691855978616175e+00 -1.274487706684839461e+00 2.523840367055487643e-01
7.194689697855630506e+00 -2.095268119743395552e+00 2.990928409589904691e-01
7.224433825702215373e+00 -2.146334917794330277e+00 4.524794152256811364e-01
7.244553248606352192e+00 -3.372705744124933069e+00 5.976792410170087555e-01
7.290497073840416675e+00 -4.112730679459248861e+00 2.779574328587297583e-01
7.379954057320357030e+00 -3.720618861975388381e+00 4.812739068927168740e-01
8.494317940777895259e+00 -4.859427930794115724e+00 3.965884582811105563e-01
8.663091578833659767e+00 -3.487295600204794344e+00 4.458508993500885920e-01
8.933891631171347214e+00 -2.635479904147644881e+00 1.755637261740401189e-01
9.441600182038795808e+00 -4.707007072196174313e+00 2.994381463630783058e-01
9.807641983846155043e+00 -6.736002977308286788e+00 2.204279488618122451e-01
9.855597856107049637e+00 -4.495754057471429976e-01 2.717280070241624435e-01
